1     1          121.8463299617
1     2         -121.8463299617
2     1          121.8463299617
2     2         7222.1719219397
2     4        -4649.9676916441
2     6        -1544.7451369939
2     8         -672.1647407285
2     10        -446.7929017618
2     12        -310.2590028517
2     14        -227.1977777454
2     16        -169.9845741897
2     18        -127.4303605834
2     20         -93.5539158654
2     22         -65.0098675099
2     24         -39.7412450438
2     26         -16.3745222358
2     28           6.1064668779
2     30          28.5598412398
2     32          51.8520101632
2     34          77.0547214702
2     36         106.0293299630
2     38         141.3344273509
2     40         209.0573483775
2     42         399.2093398095
3     3          243.6926599234
3     4         -243.6926599234
4     2        -4649.9676916441
4     3          243.6926599234
4     4        10213.4532971716
4     6        -3692.1334086434
4     8        -1174.3113115369
4     10        -443.1416561956
4     12        -297.1082442779
4     14        -204.6477258061
4     16        -149.5575445287
4     18        -111.6821593215
4     20         -83.6171113308
4     22         -61.3667999915
4     24         -42.7187212341
4     26         -26.3046396519
4     28         -11.2000500590
4     30           3.2960584296
4     32          17.8071318348
4     34          33.0152405791
4     36          49.9883059059
4     38          70.1438866107
4     40         107.3031353894
4     42         209.0573483775
5     5          243.6926599234
5     6         -243.6926599234
6     2        -1544.7451369939
6     4        -3692.1334086434
6     5          243.6926599234
6     6        10540.6202126906
6     8        -3550.5396347565
6     10       -1083.1242537968
6     12        -381.9143663183
6     14        -253.4270512209
6     16        -172.3625217745
6     18        -125.1695800871
6     20         -93.1183904758
6     22         -69.5930008045
6     24         -51.0631762173
6     26         -35.6028059349
6     28         -22.0259785155
6     30          -9.5250203885
6     32           2.5348094103
6     34          14.7611681437
6     36          27.9879834621
6     38          43.2691783363
6     40          70.1438866107
6     42         141.3344273509
7     7          243.6926599234
7     8         -243.6926599234
8     2         -672.1647407285
8     4        -1174.3113115369
8     6        -3550.5396347565
8     7          243.6926599234
8     8        10611.2901479536
8     10       -3501.3570043848
8     12       -1048.0362637224
8     14        -355.8469661658
8     16        -233.5876603115
8     18        -157.0153728565
8     20        -113.2009149694
8     22         -83.7867535190
8     24         -62.3904394693
8     26         -45.6311454077
8     28         -31.6781139900
8     30         -19.4019751933
8     32          -8.0154471417
8     34           3.1394155931
8     36          14.8359013522
8     38          27.9879834621
8     40          49.9883059059
8     42         106.0293299630
9     9          243.6926599234
9     10        -243.6926599234
10    2         -446.7929017618
10    4         -443.1416561956
10    6        -1083.1242537968
10    8        -3501.3570043848
10    9          243.6926599234
10    10       10647.7226465696
10    12       -3473.9863394252
10    14       -1026.9011765031
10    16        -339.2969261192
10    18        -220.5248442897
10    20        -146.6903333457
10    22        -105.0860459171
10    24         -77.5016960032
10    26         -57.6534942866
10    28         -42.2254877842
10    30         -29.4252687968
10    32         -18.1347820062
10    34          -7.5436416630
10    36           3.1394155931
10    38          14.7611681437
10    40          33.0152405791
10    42          77.0547214702
11    11         243.6926599234
11    12        -243.6926599234
12    2         -310.2590028517
12    4         -297.1082442779
12    6         -381.9143663183
12    8        -1048.0362637224
12    10       -3473.9863394252
12    11         243.6926599234
12    12       10669.1742808996
12    14       -3456.8918057271
12    16       -1013.2081297964
12    18        -328.3262518423
12    20        -211.7843232292
12    22        -139.8144690326
12    24         -99.7985256066
12    26         -73.5886904344
12    28         -54.9431745009
12    30         -40.5700949023
12    32         -28.6809814160
12    34         -18.1347820062
12    36          -8.0154471417
12    38           2.5348094103
12    40          17.8071318348
12    42          51.8520101632
13    13         243.6926599234
13    14        -243.6926599234
14    2         -227.1977777454
14    4         -204.6477258061
14    6         -253.4270512209
14    8         -355.8469661658
14    10       -1026.9011765031
14    12       -3456.8918057271
14    13         243.6926599234
14    14       10683.1133341436
14    16       -3445.5539555886
14    18       -1004.0526725395
14    20        -321.0322715222
14    22        -206.1015830282
14    24        -135.5456468805
14    26         -96.7850248646
14    28         -71.6982651679
14    30         -54.0576116962
14    32         -40.5700949023
14    34         -29.4252687968
14    36         -19.4019751933
14    38          -9.5250203885
14    40           3.2960584296
14    42          28.5598412398
15    15         243.6926599234
15    16        -243.6926599234
16    2         -169.9845741897
16    4         -149.5575445287
16    6         -172.3625217745
16    8         -233.5876603115
16    10        -339.2969261192
16    12       -1013.2081297964
16    14       -3445.5539555886
16    15         243.6926599234
16    16       10692.4096741446
16    18       -3438.0470424080
16    20        -998.1311035265
16    22        -316.5293498281
16    24        -202.8808233692
16    26        -133.4937362992
16    28         -95.8043631889
16    30         -71.6982651679
16    32         -54.9431745009
16    34         -42.2254877842
16    36         -31.6781139900
16    38         -22.0259785155
16    40         -11.2000500590
16    42           6.1064668779
17    17         243.6926599234
17    18        -243.6926599234
18    2         -127.4303605834
18    4         -111.6821593215
18    6         -125.1695800871
18    8         -157.0153728565
18    10        -220.5248442897
18    12        -328.3262518423
18    14       -1004.0526725395
18    16       -3438.0470424080
18    17         243.6926599234
18    18       10698.4116838576
18    20       -3433.4266315911
18    22        -994.7869787042
18    24        -314.3725749098
18    26        -201.8358155324
18    28        -133.4937362992
18    30         -96.7850248646
18    32         -73.5886904344
18    34         -57.6534942866
18    36         -45.6311454077
18    38         -35.6028059349
18    40         -26.3046396519
18    42         -16.3745222358
19    19         243.6926599234
19    20        -243.6926599234
20    2          -93.5539158654
20    4          -83.6171113308
20    6          -93.1183904758
20    8         -113.2009149694
20    10        -146.6903333457
20    12        -211.7843232292
20    14        -321.0322715222
20    16        -998.1311035265
20    18       -3433.4266315911
20    19         243.6926599234
20    20       10701.7969011356
20    22       -3431.2177513032
20    24        -993.7039651659
20    26        -314.3725749098
20    28        -202.8808233692
20    30        -135.5456468805
20    32         -99.7985256066
20    34         -77.5016960032
20    36         -62.3904394693
20    38         -51.0631762173
20    40         -42.7187212341
20    42         -39.7412450438
21    21         243.6926599234
21    22        -243.6926599234
22    2          -65.0098675099
22    4          -61.3667999915
22    6          -69.5930008045
22    8          -83.7867535190
22    10        -105.0860459171
22    12        -139.8144690326
22    14        -206.1015830282
22    16        -316.5293498281
22    18        -994.7869787042
22    20       -3431.2177513032
22    21         243.6926599234
22    22       10702.8925393536
22    24       -3431.2177513032
22    26        -994.7869787042
22    28        -316.5293498281
22    30        -206.1015830282
22    32        -139.8144690326
22    34        -105.0860459171
22    36         -83.7867535190
22    38         -69.5930008045
22    40         -61.3667999915
22    42         -65.0098675099
23    23         243.6926599234
23    24        -243.6926599234
24    2          -39.7412450438
24    4          -42.7187212341
24    6          -51.0631762173
24    8          -62.3904394693
24    10         -77.5016960032
24    12         -99.7985256066
24    14        -135.5456468805
24    16        -202.8808233692
24    18        -314.3725749098
24    20        -993.7039651659
24    22       -3431.2177513032
24    23         243.6926599234
24    24       10701.7969011356
24    26       -3433.4266315911
24    28        -998.1311035265
24    30        -321.0322715222
24    32        -211.7843232292
24    34        -146.6903333457
24    36        -113.2009149694
24    38         -93.1183904758
24    40         -83.6171113308
24    42         -93.5539158654
25    25         243.6926599234
25    26        -243.6926599234
26    2          -16.3745222358
26    4          -26.3046396519
26    6          -35.6028059349
26    8          -45.6311454077
26    10         -57.6534942866
26    12         -73.5886904344
26    14         -96.7850248646
26    16        -133.4937362992
26    18        -201.8358155324
26    20        -314.3725749098
26    22        -994.7869787042
26    24       -3433.4266315911
26    25         243.6926599234
26    26       10698.4116838576
26    28       -3438.0470424081
26    30       -1004.0526725395
26    32        -328.3262518423
26    34        -220.5248442897
26    36        -157.0153728565
26    38        -125.1695800871
26    40        -111.6821593215
26    42        -127.4303605834
27    27         243.6926599234
27    28        -243.6926599234
28    2            6.1064668779
28    4          -11.2000500590
28    6          -22.0259785155
28    8          -31.6781139900
28    10         -42.2254877842
28    12         -54.9431745009
28    14         -71.6982651679
28    16         -95.8043631889
28    18        -133.4937362992
28    20        -202.8808233692
28    22        -316.5293498281
28    24        -998.1311035265
28    26       -3438.0470424081
28    27         243.6926599234
28    28       10692.4096741446
28    30       -3445.5539555886
28    32       -1013.2081297964
28    34        -339.2969261192
28    36        -233.5876603115
28    38        -172.3625217745
28    40        -149.5575445287
28    42        -169.9845741897
29    29         243.6926599234
29    30        -243.6926599234
30    2           28.5598412398
30    4            3.2960584296
30    6           -9.5250203885
30    8          -19.4019751933
30    10         -29.4252687968
30    12         -40.5700949023
30    14         -54.0576116962
30    16         -71.6982651679
30    18         -96.7850248646
30    20        -135.5456468805
30    22        -206.1015830282
30    24        -321.0322715222
30    26       -1004.0526725395
30    28       -3445.5539555886
30    29         243.6926599234
30    30       10683.1133341436
30    32       -3456.8918057271
30    34       -1026.9011765031
30    36        -355.8469661658
30    38        -253.4270512209
30    40        -204.6477258061
30    42        -227.1977777454
31    31         243.6926599234
31    32        -243.6926599234
32    2           51.8520101632
32    4           17.8071318348
32    6            2.5348094103
32    8           -8.0154471417
32    10         -18.1347820062
32    12         -28.6809814160
32    14         -40.5700949023
32    16         -54.9431745009
32    18         -73.5886904344
32    20         -99.7985256066
32    22        -139.8144690326
32    24        -211.7843232292
32    26        -328.3262518423
32    28       -1013.2081297964
32    30       -3456.8918057271
32    31         243.6926599234
32    32       10669.1742808996
32    34       -3473.9863394252
32    36       -1048.0362637224
32    38        -381.9143663183
32    40        -297.1082442779
32    42        -310.2590028517
33    33         243.6926599234
33    34        -243.6926599234
34    2           77.0547214702
34    4           33.0152405791
34    6           14.7611681437
34    8            3.1394155931
34    10          -7.5436416630
34    12         -18.1347820062
34    14         -29.4252687968
34    16         -42.2254877842
34    18         -57.6534942866
34    20         -77.5016960032
34    22        -105.0860459171
34    24        -146.6903333457
34    26        -220.5248442897
34    28        -339.2969261192
34    30       -1026.9011765031
34    32       -3473.9863394252
34    33         243.6926599234
34    34       10647.7226465696
34    36       -3501.3570043848
34    38       -1083.1242537968
34    40        -443.1416561956
34    42        -446.7929017618
35    35         243.6926599234
35    36        -243.6926599234
36    2          106.0293299630
36    4           49.9883059059
36    6           27.9879834621
36    8           14.8359013522
36    10           3.1394155931
36    12          -8.0154471417
36    14         -19.4019751933
36    16         -31.6781139900
36    18         -45.6311454077
36    20         -62.3904394693
36    22         -83.7867535190
36    24        -113.2009149694
36    26        -157.0153728565
36    28        -233.5876603115
36    30        -355.8469661658
36    32       -1048.0362637224
36    34       -3501.3570043848
36    35         243.6926599234
36    36       10611.2901479536
36    38       -3550.5396347565
36    40       -1174.3113115369
36    42        -672.1647407285
37    37         243.6926599234
37    38        -243.6926599234
38    2          141.3344273509
38    4           70.1438866107
38    6           43.2691783363
38    8           27.9879834621
38    10          14.7611681437
38    12           2.5348094103
38    14          -9.5250203885
38    16         -22.0259785155
38    18         -35.6028059349
38    20         -51.0631762173
38    22         -69.5930008045
38    24         -93.1183904758
38    26        -125.1695800871
38    28        -172.3625217745
38    30        -253.4270512209
38    32        -381.9143663183
38    34       -1083.1242537968
38    36       -3550.5396347565
38    37         243.6926599234
38    38       10540.6202126906
38    40       -3692.1334086434
38    42       -1544.7451369939
39    39         243.6926599234
39    40        -243.6926599234
40    2          209.0573483775
40    4          107.3031353894
40    6           70.1438866107
40    8           49.9883059059
40    10          33.0152405791
40    12          17.8071318348
40    14           3.2960584296
40    16         -11.2000500590
40    18         -26.3046396519
40    20         -42.7187212341
40    22         -61.3667999915
40    24         -83.6171113308
40    26        -111.6821593215
40    28        -149.5575445287
40    30        -204.6477258061
40    32        -297.1082442779
40    34        -443.1416561956
40    36       -1174.3113115369
40    38       -3692.1334086434
40    39         243.6926599234
40    40       10213.4532971716
40    42       -4649.9676916441
41    41         121.8463299617
41    42        -121.8463299617
42    2          399.2093398095
42    4          209.0573483775
42    6          141.3344273509
42    8          106.0293299630
42    10          77.0547214702
42    12          51.8520101632
42    14          28.5598412398
42    16           6.1064668779
42    18         -16.3745222358
42    20         -39.7412450438
42    22         -65.0098675099
42    24         -93.5539158654
42    26        -127.4303605834
42    28        -169.9845741897
42    30        -227.1977777454
42    32        -310.2590028517
42    34        -446.7929017618
42    36        -672.1647407285
42    38       -1544.7451369939
42    40       -4649.9676916441
42    41         121.8463299617
42    42        7222.1719219397
