1     1    53.533333
1     2    -53.533333
2     1    53.533333
2     2    6895.430232
2     4    -3697.272519
2     6    -1142.354295
2     8    -511.282992
2     10   -354.236072
2     12   -256.356489
2     14   -197.192188
2     16   -157.369332
2     18   -129.321551
2     20   -108.759531
2     22   -93.161075
2     24   -80.958547
2     26   -71.156505
2     28   -63.114913
2     30   -56.398991
2     32   -50.709937
2     34   -45.828823
2     36   -41.595668
2     38   -37.886810
2     40   -34.608192
2     42   -31.684641
2     44   -29.057488
2     46   -26.678732
2     48   -24.510178
2     50   -22.519970
2     52   -20.682341
2     54   -18.975423
2     56   -17.381263
2     58   -15.884381
2     60   -14.471893
2     62   -13.132522
2     64   -11.856756
2     66   -10.636153
2     68   -9.463500
2     70   -8.332308
2     72   -7.236956
2     74   -6.172324
2     76   -5.133907
2     78   -4.117552
2     80   -3.119542
2     82   -2.136411
2     84   -1.164996
2     86   -0.202310
2     88   0.754428
2     90   1.707874
2     92   2.660561
2     94   3.614935
2     96   4.573380
2     98   5.538228
2     100  6.511805
2     102  7.496408
2     104  8.494379
2     106  9.508054
2     108  10.539865
2     110  11.592259
2     112  12.667826
2     114  13.769200
2     116  14.899212
2     118  16.060763
2     120  17.257022
2     122  18.491263
2     124  19.767120
2     126  21.088398
2     128  22.459395
2     130  23.884733
2     132  25.369819
2     134  26.920816
2     136  28.545500
2     138  30.253901
2     140  32.057382
2     142  33.962131
2     144  35.959698
2     146  18.746055
3     3    107.066667
3     4    -107.066667
4     2    -3697.272519
4     3    107.066667
4     4    8825.060496
4     6    -3084.562802
4     8    -868.924336
4     10   -322.920789
4     12   -218.841636
4     14   -153.000964
4     16   -115.332447
4     18   -90.618159
4     20   -73.588408
4     22   -61.346518
4     24   -52.218996
4     26   -45.178007
4     28   -39.585401
4     30   -35.032326
4     32   -31.253235
4     34   -28.064604
4     36   -25.338358
4     38   -22.979237
4     40   -20.916832
4     42   -19.096178
4     44   -17.475150
4     46   -16.019843
4     48   -14.703640
4     50   -13.504627
4     52   -12.405275
4     54   -11.390874
4     56   -10.449462
4     58   -9.570822
4     60   -8.746523
4     62   -7.969249
4     64   -7.232873
4     66   -6.532001
4     68   -5.862055
4     70   -5.218946
4     72   -4.599154
4     74   -3.999498
4     76   -3.417195
4     78   -2.849701
4     80   -2.294753
4     82   -1.750255
4     84   -1.214313
4     86   -0.685148
4     88   -0.161122
4     90   0.359323
4     92   0.877653
4     94   1.395278
4     96   1.913556
4     98   2.433809
4     100  2.957339
4     102  3.485428
4     104  4.019367
4     106  4.560440
4     108  5.109970
4     110  5.669285
4     112  6.239777
4     114  6.822861
4     116  7.420044
4     118  8.032869
4     120  8.663013
4     122  9.312205
4     124  9.982356
4     126  10.675466
4     128  11.393787
4     130  12.139738
4     132  12.916143
4     134  13.726220
4     136  14.574022
4     138  15.464774
4     140  16.404395
4     142  17.396111
4     144  18.435543
4     146  9.616294
5     5    107.066667
5     6    -107.066667
6     2    -1142.354295
6     4    -3084.562802
6     5    107.066667
6     6    9014.461743
6     8    -2999.991872
6     10   -810.658002
6     12   -281.072052
6     14   -186.932637
6     16   -127.756616
6     18   -94.786127
6     20   -73.490593
6     22   -59.049501
6     24   -48.814733
6     26   -41.289481
6     28   -35.554316
6     30   -31.041404
6     32   -27.396483
6     34   -24.388087
6     36   -21.862583
6     38   -19.710972
6     40   -17.855571
6     42   -16.237541
6     44   -14.812815
6     46   -13.546624
6     48   -12.412106
6     50   -11.387485
6     52   -10.455563
6     54   -9.602096
6     56   -8.815628
6     58   -8.086491
6     60   -7.406782
6     62   -6.769711
6     64   -6.169648
6     66   -5.601675
6     68   -5.061657
6     70   -4.545926
6     72   -4.051355
6     74   -3.575133
6     76   -3.114825
6     78   -2.668217
6     80   -2.233360
6     82   -1.808457
6     84   -1.391901
6     86   -0.982193
6     88   -0.577965
6     90   -0.177924
6     92   0.219132
6     94   0.614354
6     96   1.008838
6     98   1.403642
6     100  1.799801
6     102  2.198324
6     104  2.600222
6     106  3.006491
6     108  3.418151
6     110  3.836219
6     112  4.261756
6     114  4.695833
6     116  5.139586
6     118  5.594175
6     120  6.060853
6     122  6.540912
6     124  7.035771
6     126  7.546915
6     128  8.076012
6     130  8.624850
6     132  9.195515
6     134  9.790379
6     136  10.412425
6     138  11.065498
6     140  11.753947
6     142  12.480158
6     144  13.240957
6     146  6.912080
7     7    107.066667
7     8    -107.066667
8     2    -511.282992
8     4    -868.924336
8     6    -2999.991872
8     7    107.066667
8     8    9052.272667
8     10   -2973.903666
8     12   -791.905713
8     14   -266.746688
8     16   -175.589633
8     18   -118.530361
8     20   -87.095483
8     22   -66.972988
8     24   -53.436602
8     26   -43.930025
8     28   -36.995536
8     30   -31.748212
8     32   -27.645801
8     34   -24.347965
8     36   -21.638260
8     38   -19.370463
8     40   -17.444507
8     42   -15.787239
8     44   -14.345336
8     46   -13.077662
8     48   -11.953000
8     50   -10.946443
8     52   -10.038586
8     54   -9.213566
8     56   -8.458775
8     58   -7.763693
8     60   -7.119809
8     62   -6.519892
8     64   -5.957995
8     66   -5.428977
8     68   -4.928549
8     70   -4.452941
8     72   -3.998964
8     74   -3.563771
8     76   -3.144920
8     78   -2.740199
8     80   -2.347683
8     82   -1.965604
8     84   -1.592398
8     86   -1.226611
8     88   -0.866930
8     90   -0.512123
8     92   -0.161051
8     94   0.187366
8     96   0.534148
8     98   0.880277
8     100  1.226699
8     102  1.574338
8     104  1.924106
8     106  2.276902
8     108  2.633634
8     110  2.995210
8     112  3.362565
8     114  3.736644
8     116  4.118441
8     118  4.508971
8     120  4.909324
8     122  5.320621
8     124  5.744092
8     126  6.181022
8     128  6.632848
8     130  7.101113
8     132  7.587612
8     134  8.094385
8     136  8.623992
8     138  9.179729
8     140  9.765322
8     142  10.382836
8     144  11.029616
8     146  5.762678
9     9    107.066667
9     10   -107.066667
10    2    -354.236072
10    4    -322.920789
10    6    -810.658002
10    8    -2973.903666
10    9    107.066667
10    10   9070.333585
10    12   -2960.869119
10    14   -781.904778
10    16   -258.817649
10    18   -169.123023
10    20   -113.121604
10    22   -82.502885
10    24   -63.005826
10    26   -49.979184
10    28   -40.882491
10    30   -34.290587
10    32   -29.332364
10    34   -25.474715
10    36   -22.388387
10    38   -19.861015
10    40   -17.753367
10    42   -15.967859
10    44   -14.435665
10    46   -13.105140
10    48   -11.937909
10    50   -10.903912
10    52   -9.980073
10    54   -9.147801
10    56   -8.392491
10    58   -7.702112
10    60   -7.067036
10    62   -6.479172
10    64   -5.931933
10    66   -5.419683
10    68   -4.937762
10    70   -4.482114
10    72   -4.049333
10    74   -3.636409
10    76   -3.240776
10    78   -2.860134
10    80   -2.492490
10    82   -2.136035
10    84   -1.789174
10    86   -1.450441
10    88   -1.118521
10    90   -0.792187
10    92   -0.470317
10    94   -0.151851
10    96   0.164199
10    98   0.478781
10    100  0.792802
10    102  1.107139
10    104  1.422652
10    106  1.740184
10    108  2.060582
10    110  2.384687
10    112  2.713359
10    114  3.047468
10    116  3.387919
10    118  3.735638
10    120  4.091611
10    122  4.456856
10    124  4.832480
10    126  5.219643
10    128  5.619638
10    130  6.033851
10    132  6.463893
10    134  6.911592
10    136  7.379239
10    138  7.869777
10    140  8.386531
10    142  8.931371
10    144  9.502009
10    146  4.969704
11    11   107.066667
11    12   -107.066667
12    2    -256.356489
12    4    -218.841636
12    6    -281.072052
12    8    -791.905713
12    10   -2960.869119
12    11   107.066667
12    12   9079.777485
12    14   -2953.595979
12    16   -776.118755
12    18   -254.060047
12    20   -165.124586
12    22   -109.717083
12    24   -79.550208
12    26   -60.428777
12    28   -47.700816
12    30   -38.859507
12    32   -32.480543
12    34   -27.703054
12    36   -24.002152
12    38   -21.050795
12    40   -18.642591
12    42   -16.639314
12    44   -14.947114
12    46   -13.497911
12    48   -12.242402
12    50   -11.142796
12    52   -10.170565
12    54   -9.303075
12    56   -8.522776
12    58   -7.815396
12    60   -7.169637
12    62   -6.576118
12    64   -6.027279
12    66   -5.516723
12    68   -5.039206
12    70   -4.590210
12    72   -4.165978
12    74   -3.763214
12    76   -3.379138
12    78   -3.011272
12    80   -2.657492
12    82   -2.315880
12    84   -1.984765
12    86   -1.662615
12    88   -1.348072
12    90   -1.039875
12    92   -0.736885
12    94   -0.438029
12    96   -0.142315
12    98   0.151199
12    100  0.443408
12    102  0.735174
12    104  1.027333
12    106  1.320703
12    108  1.616095
12    110  1.914315
12    112  2.216182
12    114  2.522517
12    116  2.834177
12    118  3.152028
12    120  3.476996
12    122  3.810031
12    124  4.152166
12    126  4.504479
12    128  4.868172
12    130  5.244533
12    132  5.635052
12    134  6.041426
12    136  6.465768
12    138  6.910791
12    140  7.379562
12    142  7.873831
12    144  8.391590
12    146  4.394272
13    13   107.066667
13    14   -107.066667
14    2    -197.192188
14    4    -153.000964
14    6    -186.932637
14    8    -266.746688
14    10   -781.904778
14    12   -2953.595979
14    13   107.066667
14    14   9085.409077
14    16   -2949.087450
14    18   -772.388129
14    20   -250.929587
14    22   -162.450596
14    24   -107.386384
14    26   -77.510843
14    28   -58.616576
14    30   -46.088075
14    32   -37.409008
14    34   -31.171619
14    36   -26.517388
14    38   -22.922871
14    40   -20.066142
14    42   -17.740681
14    44   -15.811817
14    46   -14.185701
14    48   -12.796478
14    50   -11.594979
14    52   -10.544830
14    54   -9.617670
14    56   -8.791811
14    58   -8.049857
14    60   -7.378191
14    62   -6.765644
14    64   -6.203306
14    66   -5.683720
14    68   -5.200836
14    70   -4.749492
14    72   -4.325433
14    74   -3.924966
14    76   -3.544997
14    78   -3.182797
14    80   -2.836044
14    82   -2.502659
14    84   -2.180844
14    86   -1.868966
14    88   -1.565588
14    90   -1.269385
14    92   -0.979170
14    94   -0.693834
14    96   -0.412361
14    98   -0.133789
14    100  0.142784
14    102  0.418224
14    104  0.693362
14    106  0.969010
14    108  1.245965
14    110  1.525015
14    112  1.806956
14    114  2.092583
14    116  2.382722
14    118  2.678207
14    120  2.979922
14    122  3.288776
14    124  3.605753
14    126  3.931882
14    128  4.268303
14    130  4.616241
14    132  4.977108
14    134  5.352511
14    136  5.744449
14    138  6.155477
14    140  6.588486
14    142  7.045161
14    144  7.523719
14    146  3.945386
15    15   107.066667
15    16   -107.066667
16    2    -157.369332
16    4    -115.332447
16    6    -127.756616
16    8    -175.589633
16    10   -258.817649
16    12   -776.118755
16    14   -2949.087450
16    15   107.066667
16    16   9089.035073
16    18   -2946.077512
16    20   -769.854292
16    22   -248.734937
16    24   -160.526635
16    26   -105.698283
16    28   -76.003288
16    30   -57.273568
16    32   -44.875454
16    34   -36.315327
16    36   -30.178440
16    38   -25.611274
16    40   -22.094526
16    42   -19.305625
16    44   -17.041678
16    46   -15.167330
16    48   -13.591026
16    50   -12.246603
16    52   -11.086318
16    54   -10.073700
16    56   -9.181310
16    58   -8.387454
16    60   -7.675360
16    62   -7.031436
16    64   -6.444957
16    66   -5.907045
16    68   -5.410567
16    70   -4.949504
16    72   -4.518938
16    74   -4.114642
16    76   -3.733106
16    78   -3.371264
16    80   -3.026528
16    82   -2.696599
16    84   -2.379507
16    86   -2.073477
16    88   -1.776957
16    90   -1.488532
16    92   -1.206942
16    94   -0.931017
16    96   -0.659697
16    98   -0.391982
16    100  -0.126947
16    102  0.136295
16    104  0.398587
16    106  0.660746
16    108  0.923570
16    110  1.187844
16    112  1.454355
16    114  1.723890
16    116  1.997254
16    118  2.275266
16    120  2.558787
16    122  2.848702
16    124  3.145964
16    126  3.451571
16    128  3.766625
16    130  4.092312
16    132  4.429995
16    134  4.781225
16    136  5.147921
16    138  5.532537
16    140  5.937845
16    142  6.365499
16    144  6.813913
16    146  3.579026
17    17   107.066667
17    18   -107.066667
18    2    -129.321551
18    4    -90.618159
18    6    -94.786127
18    8    -118.530361
18    10   -169.123023
18    12   -254.060047
18    14   -772.388129
18    16   -2946.077512
18    17   107.066667
18    18   9091.548923
18    20   -2943.943956
18    22   -767.993318
18    24   -247.116542
18    26   -159.102878
18    28   -104.419518
18    30   -74.861586
18    32   -56.235998
18    34   -43.937568
18    36   -35.457438
18    38   -29.393609
18    40   -24.891942
18    42   -21.432506
18    44   -18.696132
18    46   -16.478571
18    48   -14.646971
18    50   -13.109009
18    52   -11.800072
18    54   -10.672053
18    56   -9.689453
18    58   -8.824667
18    60   -8.056638
18    62   -7.368523
18    64   -6.747170
18    66   -6.181823
18    68   -5.663921
18    70   -5.186319
18    72   -4.743232
18    74   -4.329740
18    76   -3.941794
18    78   -3.575886
18    80   -3.229083
18    82   -2.898805
18    84   -2.582855
18    86   -2.279270
18    88   -1.986353
18    90   -1.702563
18    92   -1.426541
18    94   -1.157037
18    96   -0.892925
18    98   -0.633152
18    100  -0.376751
18    102  -0.122801
18    104  0.129565
18    106  0.381184
18    108  0.632866
18    110  0.885406
18    112  1.139591
18    114  1.396211
18    116  1.656066
18    118  1.919969
18    120  2.188770
18    122  2.463343
18    124  2.744627
18    126  3.033601
18    128  3.331349
18    130  3.639034
18    132  3.957991
18    134  4.289735
18    136  4.636144
18    138  4.999599
18    140  5.382802
18    142  5.787399
18    144  6.211986
18    146  3.269049
19    19   107.066667
19    20   -107.066667
20    2    -108.759531
20    4    -73.588408
20    6    -73.490593
20    8    -87.095483
20    10   -113.121604
20    12   -165.124586
20    14   -250.929587
20    16   -769.854292
20    18   -2943.943956
20    19   107.066667
20    20   9093.367046
20    22   -2942.356929
20    24   -766.610408
20    26   -245.873856
20    28   -157.980228
20    30   -103.415489
20    32   -73.944527
20    34   -55.407530
20    36   -43.176811
20    38   -34.763365
20    40   -28.755954
20    42   -24.303883
20    44   -20.890069
20    46   -18.193772
20    48   -16.013571
20    50   -14.215350
20    52   -12.708565
20    54   -11.427920
20    56   -10.326389
20    58   -9.368125
20    60   -8.526208
20    62   -7.779403
20    64   -7.111324
20    66   -6.508722
20    68   -5.961164
20    70   -5.460033
20    72   -4.998421
20    74   -4.570510
20    76   -4.171554
20    78   -3.797486
20    80   -3.444930
20    82   -3.110944
20    84   -2.793046
20    86   -2.489034
20    88   -2.197023
20    90   -1.915313
20    92   -1.642418
20    94   -1.376981
20    96   -1.117791
20    98   -0.863723
20    100  -0.613753
20    102  -0.366911
20    104  -0.122295
20    106  0.120966
20    108  0.363703
20    110  0.606730
20    112  0.850851
20    114  1.096861
20    116  1.345570
20    118  1.597793
20    120  1.854380
20    122  2.116205
20    124  2.384201
20    126  2.659346
20    128  2.942714
20    130  3.235461
20    132  3.538911
20    134  3.854565
20    136  4.184275
20    138  4.530388
20    140  4.895561
20    142  5.281460
20    144  5.686851
20    146  2.999264
21    21   107.066667
21    22   -107.066667
22    2    -93.161075
22    4    -61.346518
22    6    -59.049501
22    8    -66.972988
22    10   -82.502885
22    12   -109.717083
22    14   -162.450596
22    16   -248.734937
22    18   -767.993318
22    20   -2942.356929
22    21   107.066667
22    22   9094.760501
22    24   -2941.130411
22    26   -765.500558
22    28   -244.888553
22    30   -157.097665
22    32   -102.604488
22    34   -73.210905
22    36   -54.728716
22    38   -42.556498
22    40   -34.188257
22    42   -28.224302
22    44   -23.812308
22    46   -20.433848
22    48   -17.770962
22    50   -15.620422
22    52   -13.850211
22    54   -12.368726
22    56   -11.111950
22    58   -10.032294
22    60   -9.094695
22    62   -8.271935
22    64   -7.543281
22    66   -6.892178
22    68   -6.305725
22    70   -5.773384
22    72   -5.286787
22    74   -4.838961
22    76   -4.424268
22    78   -4.037923
22    80   -3.675992
22    82   -3.335074
22    84   -3.012326
22    86   -2.705250
22    88   -2.411720
22    90   -2.129837
22    92   -1.857959
22    94   -1.594591
22    96   -1.338415
22    98   -1.088215
22    100  -0.842892
22    102  -0.601413
22    104  -0.362826
22    106  -0.126217
22    108  0.109280
22    110  0.344509
22    112  0.580294
22    114  0.817451
22    116  1.056804
22    118  1.299182
22    120  1.545443
22    122  1.796470
22    124  2.053202
22    126  2.316621
22    128  2.587807
22    130  2.867919
22    132  3.158284
22    134  3.460405
22    136  3.776129
22    138  4.107789
22    140  4.458028
22    142  4.828551
22    144  5.218287
22    146  2.759143
23    23   107.066667
23    24   -107.066667
24    2    -80.958547
24    4    -52.218996
24    6    -48.814733
24    8    -53.436602
24    10   -63.005826
24    12   -79.550208
24    14   -107.386384
24    16   -160.526635
24    18   -247.116542
24    20   -766.610408
24    22   -2941.130411
24    23   107.066667
24    24   9095.843249
24    26   -2940.153473
24    28   -764.632918
24    30   -244.087277
24    32   -156.357338
24    34   -101.934682
24    36   -72.588244
24    38   -54.161331
24    40   -42.028626
24    42   -33.703037
24    44   -27.774830
24    46   -23.394556
24    48   -20.046139
24    50   -17.409692
24    52   -15.284489
24    54   -13.537019
24    56   -12.077238
24    58   -10.840289
24    60   -9.779513
24    62   -8.859389
24    64   -8.053275
24    66   -7.340182
24    68   -6.703936
24    70   -6.131480
24    72   -5.612542
24    74   -5.138656
24    76   -4.703038
24    78   -4.299988
24    80   -3.924860
24    82   -3.573677
24    84   -3.243142
24    86   -2.930383
24    88   -2.632977
24    90   -2.348779
24    92   -2.075946
24    94   -1.812818
24    96   -1.557942
24    98   -1.309986
24    100  -1.067759
24    102  -0.830149
24    104  -0.596137
24    106  -0.364756
24    108  -0.135093
24    110  0.093734
24    112  0.322583
24    114  0.552298
24    116  0.783725
24    118  1.017715
24    120  1.255144
24    122  1.496910
24    124  1.743968
24    126  1.997316
24    128  2.258047
24    130  2.527335
24    132  2.806520
24    134  3.097122
24    136  3.401001
24    138  3.720496
24    140  4.058261
24    142  4.416057
24    144  4.792974
24    146  2.541755
25    25   107.066667
25    26   -107.066667
26    2    -71.156505
26    4    -45.178007
26    6    -41.289481
26    8    -43.930025
26    10   -49.979184
26    12   -60.428777
26    14   -77.510843
26    16   -105.698283
26    18   -159.102878
26    20   -245.873856
26    22   -765.500558
26    24   -2940.153473
26    25   107.066667
26    26   9096.729395
26    28   -2939.356517
26    30   -763.892050
26    32   -243.422437
26    34   -155.755675
26    36   -101.371759
26    38   -72.075187
26    40   -53.679744
26    42   -41.585608
26    44   -33.288045
26    46   -27.388411
26    48   -23.035225
26    50   -19.710774
26    52   -17.097689
26    54   -14.993249
26    56   -13.265863
26    58   -11.824299
26    60   -10.604854
26    62   -9.560218
26    64   -8.655565
26    66   -7.863888
26    68   -7.164637
26    70   -6.541422
26    72   -5.981482
26    74   -5.474409
26    76   -5.011943
26    78   -4.587214
26    80   -4.194669
26    82   -3.829603
26    84   -3.488148
26    86   -3.166964
26    88   -2.863260
26    90   -2.574582
26    92   -2.298843
26    94   -2.034177
26    96   -1.778964
26    98   -1.531731
26    100  -1.291171
26    102  -1.056075
26    104  -0.825343
26    106  -0.597938
26    108  -0.372890
26    110  -0.149265
26    112  0.073834
26    114  0.297291
26    116  0.521984
26    118  0.748791
26    120  0.978616
26    122  1.212382
26    124  1.451066
26    126  1.695690
26    128  1.947370
26    130  2.207305
26    132  2.476861
26    134  2.757587
26    136  3.051368
26    138  3.360573
26    140  3.687886
26    142  4.035141
26    144  4.401593
26    146  2.342257
27    27   107.066667
27    28   -107.066667
28    2    -63.114913
28    4    -39.585401
28    6    -35.554316
28    8    -36.995536
28    10   -40.882491
28    12   -47.700816
28    14   -58.616576
28    16   -76.003288
28    18   -104.419518
28    20   -157.980228
28    22   -244.888553
28    24   -764.632918
28    26   -2939.356517
28    27   107.066667
28    28   9097.447355
28    30   -2938.693886
28    32   -763.298247
28    34   -242.861947
28    36   -155.228662
28    38   -100.892188
28    40   -71.623139
28    42   -53.266175
28    44   -41.197042
28    46   -32.929534
28    48   -27.054630
28    50   -22.723488
28    52   -19.420530
28    54   -16.826302
28    56   -14.740441
28    58   -13.029752
28    60   -11.604459
28    62   -10.399946
28    64   -9.369756
28    66   -8.478553
28    68   -7.699851
28    70   -7.012805
28    72   -6.401362
28    74   -5.852578
28    76   -5.356275
28    78   -4.904077
28    80   -4.489273
28    82   -4.106233
28    84   -3.750369
28    86   -3.417755
28    88   -3.105139
28    90   -2.809686
28    92   -2.529005
28    94   -2.260976
28    96   -2.003775
28    98   -1.755756
28    100  -1.515472
28    102  -1.281592
28    104  -1.052919
28    106  -0.828329
28    108  -0.606781
28    110  -0.387278
28    112  -0.168871
28    114  0.049371
28    116  0.268368
28    118  0.489036
28    120  0.712311
28    122  0.939152
28    124  1.170565
28    126  1.407605
28    128  1.651420
28    130  1.903245
28    132  2.164481
28    134  2.436716
28    136  2.721882
28    138  3.022387
28    140  3.340973
28    142  3.679560
28    144  4.037572
28    146  2.157238
29    29   107.066667
29    30   -107.066667
30    2    -56.398991
30    4    -35.032326
30    6    -31.041404
30    8    -31.748212
30    10   -34.290587
30    12   -38.859507
30    14   -46.088075
30    16   -57.273568
30    18   -74.861586
30    20   -103.415489
30    22   -157.097665
30    24   -244.087277
30    26   -763.892050
30    28   -2938.693886
30    29   107.066667
30    30   9098.061797
30    32   -2938.134457
30    34   -762.766957
30    36   -242.383410
30    38   -154.793707
30    40   -100.479276
30    42   -71.245765
30    44   -52.907864
30    46   -40.866505
30    48   -32.617560
30    50   -26.762902
30    52   -22.451474
30    54   -19.165935
30    56   -16.589223
30    58   -14.518891
30    60   -12.823578
30    62   -11.412258
30    64   -10.221404
30    66   -9.203865
30    68   -8.324950
30    70   -7.557778
30    72   -6.881904
30    74   -6.281037
30    76   -5.742497
30    78   -5.255955
30    80   -4.813215
30    82   -4.407466
30    84   -4.033206
30    86   -3.685774
30    88   -3.361340
30    90   -3.056595
30    92   -2.768773
30    94   -2.495442
30    96   -2.234526
30    98   -1.984168
30    100  -1.742749
30    102  -1.508791
30    104  -1.280978
30    106  -1.058080
30    108  -0.838971
30    110  -0.622578
30    112  -0.407886
30    114  -0.193905
30    116  0.020333
30    118  0.235792
30    120  0.453452
30    122  0.674312
30    124  0.899419
30    126  1.129867
30    128  1.366846
30    130  1.611634
30    132  1.865682
30    134  2.130629
30    136  2.408462
30    138  2.701655
30    140  3.013019
30    142  3.344583
30    144  3.695945
30    146  1.984125
31    31   107.066667
31    32   -107.066667
32    2    -50.709937
32    4    -31.253235
32    6    -27.396483
32    8    -27.645801
32    10   -29.332364
32    12   -32.480543
32    14   -37.409008
32    16   -44.875454
32    18   -56.235998
32    20   -73.944527
32    22   -102.604488
32    24   -156.357338
32    26   -243.422437
32    28   -763.298247
32    30   -2938.134457
32    31   107.066667
32    32   9098.571372
32    34   -2937.656356
32    36   -762.337785
32    38   -241.970766
32    40   -154.400204
32    42   -100.120884
32    44   -70.904194
32    46   -52.595438
32    48   -40.570881
32    50   -32.344758
32    52   -26.508412
32    54   -22.213320
32    56   -18.944168
32    58   -16.381737
32    60   -14.325861
32    62   -12.643524
32    64   -11.245104
32    66   -10.066119
32    68   -9.060234
32    70   -8.192220
32    72   -7.435683
32    74   -6.769863
32    76   -6.178780
32    78   -5.649556
32    80   -5.172071
32    82   -4.737999
32    84   -4.340674
32    86   -3.974503
32    88   -3.634928
32    90   -3.318051
32    92   -3.020639
32    94   -2.739872
32    96   -2.473368
32    98   -2.219009
32    100  -1.974969
32    102  -1.739592
32    104  -1.511413
32    106  -1.289079
32    108  -1.071358
32    110  -0.857085
32    112  -0.645167
32    114  -0.434544
32    116  -0.224187
32    118  -0.013074
32    120  0.199827
32    122  0.415565
32    124  0.635234
32    126  0.859980
32    128  1.091042
32    130  1.329753
32    132  1.577620
32    134  1.836348
32    136  2.107996
32    138  2.395115
32    140  2.700612
32    142  3.026641
32    144  3.372980
32    146  1.820992
33    33   107.066667
33    34   -107.066667
34    2    -45.828823
34    4    -28.064604
34    6    -24.388087
34    8    -24.347965
34    10   -25.474715
34    12   -27.703054
34    14   -31.171619
34    16   -36.315327
34    18   -43.937568
34    20   -55.407530
34    22   -73.210905
34    24   -101.934682
34    26   -155.755675
34    28   -242.861947
34    30   -762.766957
34    32   -2937.656356
34    33   107.066667
34    34   9099.021805
34    36   -2937.243795
34    38   -761.938878
34    40   -241.612215
34    42   -154.074551
34    44   -99.807977
34    46   -70.618697
34    48   -52.321847
34    50   -40.318737
34    52   -32.105553
34    54   -26.284440
34    56   -22.004569
34    58   -18.748803
34    60   -16.200249
34    62   -14.156617
34    64   -12.486675
34    66   -11.099518
34    68   -9.931722
34    70   -8.936230
34    72   -8.078432
34    74   -7.331521
34    76   -6.675115
34    78   -6.092982
34    80   -5.572490
34    82   -5.103355
34    84   -4.677417
34    86   -4.287899
34    88   -3.929324
34    90   -3.597052
34    92   -3.287266
34    94   -2.996671
34    96   -2.722503
34    98   -2.462328
34    100  -2.214063
34    102  -1.975836
34    104  -1.746006
34    106  -1.523067
34    108  -1.305662
34    110  -1.092515
34    112  -0.882440
34    114  -0.674292
34    116  -0.466969
34    118  -0.259380
34    120  -0.050433
34    122  0.160981
34    124  0.376016
34    126  0.595876
34    128  0.821859
34    130  1.055363
34    132  1.297965
34    134  1.551446
34    136  1.817950
34    138  2.100128
34    140  2.400999
34    142  2.722862
34    144  3.065688
34    146  1.666300
35    35   107.066667
35    36   -107.066667
36    2    -41.595668
36    4    -25.338358
36    6    -21.862583
36    8    -21.638260
36    10   -22.388387
36    12   -24.002152
36    14   -26.517388
36    16   -30.178440
36    18   -35.457438
36    20   -43.176811
36    22   -54.728716
36    24   -72.588244
36    26   -101.371759
36    28   -155.228662
36    30   -242.383410
36    32   -762.337785
36    34   -2937.243795
36    35   107.066667
36    36   9099.399365
36    38   -2936.885137
36    40   -761.618371
36    42   -241.298926
36    44   -153.772285
36    46   -99.533709
36    48   -70.354972
36    50   -52.081705
36    52   -40.090442
36    54   -31.895654
36    56   -26.088880
36    58   -21.821773
36    60   -18.579166
36    62   -16.041974
36    64   -14.010146
36    66   -12.350770
36    68   -10.974312
36    70   -9.816375
36    72   -8.830692
36    74   -7.982098
36    76   -7.244257
36    78   -6.596457
36    80   -6.022762
36    82   -5.510332
36    84   -5.049077
36    86   -4.630699
36    88   -4.248552
36    90   -3.897060
36    92   -3.571677
36    94   -3.268509
36    96   -2.984323
36    98   -2.716294
36    100  -2.462027
36    102  -2.219385
36    104  -1.986515
36    106  -1.761727
36    108  -1.543511
36    110  -1.330460
36    112  -1.121275
36    114  -0.914712
36    116  -0.709582
36    118  -0.504713
36    120  -0.298940
36    122  -0.091082
36    124  0.120081
36    126  0.335823
36    128  0.557512
36    130  0.786621
36    132  1.024808
36    134  1.273944
36    136  1.536275
36    138  1.814568
36    140  2.111978
36    142  2.430969
36    144  2.771716
36    146  1.518847
37    37   107.066667
37    38   -107.066667
38    2    -37.886810
38    4    -22.979237
38    6    -19.710972
38    8    -19.370463
38    10   -19.861015
38    12   -21.050795
38    14   -22.922871
38    16   -25.611274
38    18   -29.393609
38    20   -34.763365
38    22   -42.556498
38    24   -54.161331
38    26   -72.075187
38    28   -100.892188
38    30   -154.793707
38    32   -241.970766
38    34   -761.938878
38    36   -2936.885137
38    37   107.066667
38    38   9099.741319
38    40   -2936.571638
38    42   -761.310377
38    44   -241.024168
38    46   -153.524172
38    48   -99.292812
38    50   -70.136575
38    52   -51.870831
38    54   -39.897093
38    56   -31.711715
38    58   -25.916997
38    60   -21.662236
38    62   -18.430411
38    64   -15.904729
38    66   -13.882990
38    68   -12.234041
38    70   -10.867048
38    72   -9.718647
38    74   -8.741839
38    76   -7.902062
38    78   -7.172550
38    80   -6.532961
38    82   -5.967093
38    84   -5.462342
38    86   -5.008445
38    88   -4.597260
38    90   -4.222020
38    92   -3.877256
38    94   -3.558330
38    96   -3.261420
38    98   -2.983222
38    100  -2.720953
38    102  -2.472158
38    104  -2.234720
38    106  -2.006730
38    108  -1.786494
38    110  -1.572448
38    112  -1.363159
38    114  -1.157265
38    116  -0.953473
38    118  -0.750517
38    120  -0.547144
38    122  -0.342093
38    124  -0.134064
38    126  0.078297
38    128  0.296440
38    130  0.521924
38    132  0.756501
38    134  1.002144
38    136  1.261220
38    138  1.536629
38    140  1.831687
38    142  2.149045
38    144  2.489098
38    146  1.377633
39    39   107.066667
39    40   -107.066667
40    2    -34.608192
40    4    -20.916832
40    6    -17.855571
40    8    -17.444507
40    10   -17.753367
40    12   -18.642591
40    14   -20.066142
40    16   -22.094526
40    18   -24.891942
40    20   -28.755954
40    22   -34.188257
40    24   -42.028626
40    26   -53.679744
40    28   -71.623139
40    30   -100.479276
40    32   -154.400204
40    34   -241.612215
40    36   -761.618371
40    38   -2936.571638
40    39   107.066667
40    40   9100.028076
40    42   -2936.296624
40    44   -761.067247
40    46   -240.782742
40    48   -153.288882
40    50   -99.081174
40    52   -69.931591
40    54   -51.685943
40    56   -39.720910
40    58   -31.551095
40    60   -25.768148
40    62   -21.523822
40    64   -18.303037
40    66   -15.786786
40    68   -13.775087
40    70   -12.135089
40    72   -10.777313
40    74   -9.637410
40    76   -8.669153
40    78   -7.837417
40    80   -7.115896
40    82   -6.483906
40    84   -5.925532
40    86   -5.427952
40    88   -4.981090
40    90   -4.576654
40    92   -4.208003
40    94   -3.869559
40    96   -3.556764
40    98   -3.265715
40    100  -2.993154
40    102  -2.736231
40    104  -2.492513
40    106  -2.259820
40    108  -2.036240
40    110  -1.820017
40    112  -1.609560
40    114  -1.403366
40    116  -1.200020
40    118  -0.998145
40    120  -0.796389
40    122  -0.593393
40    124  -0.387765
40    126  -0.178061
40    128  0.037265
40    130  0.259869
40    132  0.491612
40    134  0.734585
40    136  0.991290
40    138  1.264786
40    140  1.558571
40    142  1.875508
40    144  2.216230
40    146  1.241852
41    41   107.066667
41    42   -107.066667
42    2    -31.684641
42    4    -19.096178
42    6    -16.237541
42    8    -15.787239
42    10   -15.967859
42    12   -16.639314
42    14   -17.740681
42    16   -19.305625
42    18   -21.432506
42    20   -24.303883
42    22   -28.224302
42    24   -33.703037
42    26   -41.585608
42    28   -53.266175
42    30   -71.245765
42    32   -100.120884
42    34   -154.074551
42    36   -241.298926
42    38   -761.310377
42    40   -2936.296624
42    41   107.066667
42    42   9100.292696
42    44   -2936.054927
42    46   -760.826179
42    48   -240.570580
42    50   -153.099506
42    52   -98.895555
42    54   -69.765368
42    56   -51.524439
42    58   -39.574398
42    60   -31.411695
42    62   -25.638716
42    64   -21.404835
42    66   -18.193100
42    68   -15.686774
42    70   -13.683714
42    72   -12.052811
42    74   -10.703275
42    76   -9.571778
42    78   -8.611352
42    80   -7.787462
42    82   -7.073366
42    84   -6.448738
42    86   -5.897391
42    88   -5.406730
42    90   -4.966496
42    92   -4.568546
42    94   -4.206108
42    96   -3.873700
42    98   -3.566668
42    100  -3.281164
42    102  -3.013852
42    104  -2.761907
42    106  -2.522825
42    108  -2.294426
42    110  -2.074727
42    112  -1.861947
42    114  -1.654414
42    116  -1.450570
42    118  -1.248907
42    120  -1.047956
42    122  -0.846247
42    124  -0.642282
42    126  -0.434511
42    128  -0.221282
42    130  -0.000823
42    132  0.228844
42    134  0.469950
42    136  0.725151
42    138  0.997683
42    140  1.291258
42    142  1.608974
42    144  1.951727
42    146  1.110813
43    43   107.066667
43    44   -107.066667
44    2    -29.057488
44    4    -17.475150
44    6    -14.812815
44    8    -14.345336
44    10   -14.435665
44    12   -14.947114
44    14   -15.811817
44    16   -17.041678
44    18   -18.696132
44    20   -20.890069
44    22   -23.812308
44    24   -27.774830
44    26   -33.288045
44    28   -41.197042
44    30   -52.907864
44    32   -70.904194
44    34   -99.807977
44    36   -153.772285
44    38   -241.024168
44    40   -761.067247
44    42   -2936.054927
44    43   107.066667
44    44   9100.512547
44    46   -2935.842499
44    48   -760.641790
44    50   -240.384465
44    52   -152.916447
44    54   -98.733376
44    56   -69.607337
44    58   -51.384238
44    60   -39.440844
44    62   -31.291833
44    64   -25.528919
44    66   -21.303917
44    68   -18.101797
44    70   -15.603599
44    72   -13.609381
44    74   -11.986330
44    76   -10.644996
44    78   -9.521058
44    80   -8.568311
44    82   -7.751651
44    84   -7.044783
44    86   -6.427035
44    88   -5.882498
44    90   -5.398350
44    92   -4.964510
44    94   -4.572680
44    96   -4.216201
44    98   -3.889474
44    100  -3.587913
44    102  -3.307577
44    104  -3.045163
44    106  -2.797765
44    108  -2.562881
44    110  -2.338252
44    112  -2.121866
44    114  -1.911856
44    116  -1.706492
44    118  -1.504112
44    120  -1.303111
44    122  -1.101888
44    124  -0.898825
44    126  -0.692250
44    128  -0.480389
44    130  -0.261342
44    132  -0.032991
44    134  0.207046
44    136  0.461603
44    138  0.734120
44    140  1.028547
44    142  1.348253
44    144  1.694418
44    146  0.983944
45    45   107.066667
45    46   -107.066667
46    2    -26.678732
46    4    -16.019843
46    6    -13.546624
46    8    -13.077662
46    10   -13.105140
46    12   -13.497911
46    14   -14.185701
46    16   -15.167330
46    18   -16.478571
46    20   -18.193772
46    22   -20.433848
46    24   -23.394556
46    26   -27.388411
46    28   -32.929534
46    30   -40.866505
46    32   -52.595438
46    34   -70.618697
46    36   -99.533709
46    38   -153.524172
46    40   -240.782742
46    42   -760.826179
46    44   -2935.842499
46    45   107.066667
46    46   9100.718418
46    48   -2935.656132
46    50   -760.452997
46    52   -240.221831
46    54   -152.774123
46    56   -98.592570
46    58   -69.483897
46    60   -51.263673
46    62   -39.333591
46    64   -31.190161
46    66   -25.435819
46    68   -21.219983
46    70   -18.025741
46    72   -15.536394
46    74   -13.549827
46    76   -11.934960
46    78   -10.601025
46    80   -9.484712
46    82   -8.539069
46    84   -7.729571
46    86   -7.029485
46    88   -6.418485
46    90   -5.880383
46    92   -5.402576
46    94   -4.974794
46    96   -4.588874
46    98   -4.238020
46    100  -3.916716
46    102  -3.620268
46    104  -3.344776
46    106  -3.086843
46    108  -2.843571
46    110  -2.612365
46    112  -2.390943
46    114  -2.177194
46    116  -1.969190
46    118  -1.765087
46    120  -1.563119
46    122  -1.361537
46    124  -1.158581
46    126  -0.952441
46    128  -0.741203
46    130  -0.522822
46    132  -0.295024
46    134  -0.055251
46    136  0.199526
46    138  0.472983
46    140  0.769340
46    142  1.092267
46    144  1.443259
46    146  0.860739
47    47   107.066667
47    48   -107.066667
48    2    -24.510178
48    4    -14.703640
48    6    -12.412106
48    8    -11.953000
48    10   -11.937909
48    12   -12.242402
48    14   -12.796478
48    16   -13.591026
48    18   -14.646971
48    20   -16.013571
48    22   -17.770962
48    24   -20.046139
48    26   -23.035225
48    28   -27.054630
48    30   -32.617560
48    32   -40.570881
48    34   -52.321847
48    36   -70.354972
48    38   -99.292812
48    40   -153.288882
48    42   -240.570580
48    44   -760.641790
48    46   -2935.656132
48    47   107.066667
48    48   9100.885980
48    50   -2935.493269
48    52   -760.315722
48    54   -240.080618
48    56   -152.633963
48    58   -98.471474
48    60   -69.365297
48    62   -51.161397
48    64   -39.236590
48    66   -31.105598
48    68   -25.360174
48    70   -21.152167
48    72   -17.966578
48    74   -15.484474
48    76   -13.505936
48    78   -11.898168
48    80   -10.571738
48    82   -9.462335
48    84   -8.523763
48    86   -7.720921
48    88   -7.027514
48    90   -6.422865
48    92   -5.891054
48    94   -5.419245
48    96   -4.997334
48    98   -4.616994
48    100  -4.271530
48    102  -3.955296
48    104  -3.663652
48    106  -3.392590
48    108  -3.138726
48    110  -2.899057
48    112  -2.670967
48    114  -2.452062
48    116  -2.240170
48    118  -2.033236
48    120  -1.829304
48    122  -1.626452
48    124  -1.422758
48    126  -1.216251
48    128  -1.004861
48    130  -0.786377
48    132  -0.558347
48    134  -0.318018
48    136  -0.062136
48    138  0.213237
48    140  0.512628
48    142  0.840048
48    144  1.197340
48    146  0.740772
49    49   107.066667
49    50   -107.066667
50    2    -22.519970
50    4    -13.504627
50    6    -11.387485
50    8    -10.946443
50    10   -10.903912
50    12   -11.142796
50    14   -11.594979
50    16   -12.246603
50    18   -13.109009
50    20   -14.215350
50    22   -15.620422
50    24   -17.409692
50    26   -19.710774
50    28   -22.723488
50    30   -26.762902
50    32   -32.344758
50    34   -40.318737
50    36   -52.081705
50    38   -70.136575
50    40   -99.081174
50    42   -153.099506
50    44   -240.384465
50    46   -760.452997
50    48   -2935.493269
50    49   107.066667
50    50   9101.044714
50    52   -2935.351852
50    54   -760.169904
50    56   -239.959168
50    58   -152.531198
50    60   -98.368746
50    62   -69.278588
50    64   -51.076334
50    66   -39.163718
50    68   -31.037281
50    70   -25.299490
50    72   -21.099790
50    74   -17.921291
50    76   -15.447313
50    78   -13.475758
